$DATA

SILVER
S   8
1       1.800750000000E+02    8.490000000000E-04
2       2.189870000000E+01   -6.545000000000E-02
3       1.386700000000E+01    2.977650000000E-01
4       6.142630000000E+00   -7.531210000000E-01
5       1.438140000000E+00    8.811750000000E-01
6       6.483820000000E-01    4.351760000000E-01
7       1.288820000000E-01    1.473800000000E-02
8       4.573800000000E-02   -1.399000000000E-03
S   8
1       1.800750000000E+02   -2.030000000000E-04
2       2.189870000000E+01    1.572300000000E-02
3       1.386700000000E+01   -7.922900000000E-02
4       6.142630000000E+00    2.226340000000E-01
5       1.438140000000E+00   -3.491960000000E-01
6       6.483820000000E-01   -2.559780000000E-01
7       1.288820000000E-01    5.486660000000E-01
8       4.573800000000E-02    6.181030000000E-01
S   1
1       4.573800000000E-02    1.000000000000E+00
S   8
1       1.800750000000E+02   -8.620000000000E-04
2       2.189870000000E+01    5.254600000000E-02
3       1.386700000000E+01   -2.081000000000E-01
4       6.142630000000E+00    5.249720000000E-01
5       1.438140000000E+00   -1.270173000000E+00
6       6.483820000000E-01    5.393730000000E-01
7       1.288820000000E-01    1.653391000000E+00
8       4.573800000000E-02   -1.583975000000E+00
S   1
1       1.620000000000E-02    1.000000000000E+00
P   7
1       1.187510000000E+01    1.162480000000E-01
2       8.002450000000E+00   -3.072860000000E-01
3       2.017660000000E+00    5.157360000000E-01
4       9.542300000000E-01    5.031040000000E-01
5       4.231180000000E-01    1.420950000000E-01
6       1.358850000000E-01    5.153000000000E-03
7       4.540100000000E-02    1.040000000000E-04
P   7
1       1.187510000000E+01   -5.285700000000E-02
2       8.002450000000E+00    1.470390000000E-01
3       2.017660000000E+00   -3.129730000000E-01
4       9.542300000000E-01   -3.708280000000E-01
5       4.231180000000E-01    4.236290000000E-01
6       1.358850000000E-01    7.536550000000E-01
7       4.540100000000E-02    7.087000000000E-02
P   7
1       1.187510000000E+01   -2.828400000000E-02
2       8.002450000000E+00    7.834700000000E-02
3       2.017660000000E+00   -1.567410000000E-01
4       9.542300000000E-01   -1.886250000000E-01
5       4.231180000000E-01    6.356500000000E-02
6       1.358850000000E-01    5.817780000000E-01
7       4.540100000000E-02    4.999110000000E-01
P   1
1       4.540100000000E-02    1.000000000000E+00
P   1
1       1.520000000000E-02    1.000000000000E+00
D   6
1       2.643200000000E+01    3.479000000000E-03
2       1.103450000000E+01   -1.384800000000E-02
3       2.737870000000E+00    2.545990000000E-01
4       1.195750000000E+00    4.498490000000E-01
5       4.820420000000E-01    3.757380000000E-01
6       1.729080000000E-01    1.458790000000E-01
D   6
1       2.643200000000E+01   -4.733000000000E-03
2       1.103450000000E+01    1.907000000000E-02
3       2.737870000000E+00   -4.332980000000E-01
4       1.195750000000E+00   -4.445680000000E-01
5       4.820420000000E-01    4.914420000000E-01
6       1.729080000000E-01    5.728660000000E-01
D   1
1       1.729080000000E-01    1.000000000000E+00
D   1
1       6.200000000000E-02    1.000000000000E+00
F   1
1       1.329900000000E+00    1.000000000000E+00
F   1
1       4.449000000000E-01    1.000000000000E+00

CARBON
S   9
1       6.665000000000E+03    6.920000000000E-04
2       1.000000000000E+03    5.329000000000E-03
3       2.280000000000E+02    2.707700000000E-02
4       6.471000000000E+01    1.017180000000E-01
5       2.106000000000E+01    2.747400000000E-01
6       7.495000000000E+00    4.485640000000E-01
7       2.797000000000E+00    2.850740000000E-01
8       5.215000000000E-01    1.520400000000E-02
9       1.596000000000E-01   -3.191000000000E-03
S   9
1       6.665000000000E+03   -1.460000000000E-04
2       1.000000000000E+03   -1.154000000000E-03
3       2.280000000000E+02   -5.725000000000E-03
4       6.471000000000E+01   -2.331200000000E-02
5       2.106000000000E+01   -6.395500000000E-02
6       7.495000000000E+00   -1.499810000000E-01
7       2.797000000000E+00   -1.272620000000E-01
8       5.215000000000E-01    5.445290000000E-01
9       1.596000000000E-01    5.804960000000E-01
S   1
1       1.596000000000E-01    1.000000000000E+00
S   1
1       4.690000000000E-02    1.000000000000E+00
P   4
1       9.439000000000E+00    3.810900000000E-02
2       2.002000000000E+00    2.094800000000E-01
3       5.456000000000E-01    5.085570000000E-01
4       1.517000000000E-01    4.688420000000E-01
P   1
1       1.517000000000E-01    1.000000000000E+00
P   1
1       4.041000000000E-02    1.000000000000E+00
D   1
1       5.500000000000E-01    1.000000000000E+00
D   1
1       1.510000000000E-01    1.000000000000E+00

OXYGEN
S   9
1       1.172000000000E+04    7.100000000000E-04
2       1.759000000000E+03    5.470000000000E-03
3       4.008000000000E+02    2.783700000000E-02
4       1.137000000000E+02    1.048000000000E-01
5       3.703000000000E+01    2.830620000000E-01
6       1.327000000000E+01    4.487190000000E-01
7       5.025000000000E+00    2.709520000000E-01
8       1.013000000000E+00    1.545800000000E-02
9       3.023000000000E-01   -2.585000000000E-03
S   9
1       1.172000000000E+04   -1.600000000000E-04
2       1.759000000000E+03   -1.263000000000E-03
3       4.008000000000E+02   -6.267000000000E-03
4       1.137000000000E+02   -2.571600000000E-02
5       3.703000000000E+01   -7.092400000000E-02
6       1.327000000000E+01   -1.654110000000E-01
7       5.025000000000E+00   -1.169550000000E-01
8       1.013000000000E+00    5.573680000000E-01
9       3.023000000000E-01    5.727590000000E-01
S   1
1       3.023000000000E-01    1.000000000000E+00
S   1
1       7.896000000000E-02    1.000000000000E+00
P   4
1       1.770000000000E+01    4.301800000000E-02
2       3.854000000000E+00    2.289130000000E-01
3       1.046000000000E+00    5.087280000000E-01
4       2.753000000000E-01    4.605310000000E-01
P   1
1       2.753000000000E-01    1.000000000000E+00
P   1
1       6.856000000000E-02    1.000000000000E+00
D   1
1       1.185000000000E+00    1.000000000000E+00
D   1
1       3.320000000000E-01    1.000000000000E+00

NITROGEN
S   9
1       9.046000000000E+03    7.000000000000E-04
2       1.357000000000E+03    5.389000000000E-03
3       3.093000000000E+02    2.740600000000E-02
4       8.773000000000E+01    1.032070000000E-01
5       2.856000000000E+01    2.787230000000E-01
6       1.021000000000E+01    4.485400000000E-01
7       3.838000000000E+00    2.782380000000E-01
8       7.466000000000E-01    1.544000000000E-02
9       2.248000000000E-01   -2.864000000000E-03
S   9
1       9.046000000000E+03   -1.530000000000E-04
2       1.357000000000E+03   -1.208000000000E-03
3       3.093000000000E+02   -5.992000000000E-03
4       8.773000000000E+01   -2.454400000000E-02
5       2.856000000000E+01   -6.745900000000E-02
6       1.021000000000E+01   -1.580780000000E-01
7       3.838000000000E+00   -1.218310000000E-01
8       7.466000000000E-01    5.490030000000E-01
9       2.248000000000E-01    5.788150000000E-01
S   1
1       2.248000000000E-01    1.000000000000E+00
S   1
1       6.124000000000E-02    1.000000000000E+00
P   4
1       1.355000000000E+01    3.991900000000E-02
2       2.917000000000E+00    2.171690000000E-01
3       7.973000000000E-01    5.103190000000E-01
4       2.185000000000E-01    4.622140000000E-01
P   1
1       2.185000000000E-01    1.000000000000E+00
P   1
1       5.611000000000E-02    1.000000000000E+00
D   1
1       8.170000000000E-01    1.000000000000E+00
D   1
1       2.300000000000E-01    1.000000000000E+00

SULFUR
S   12
1       1.108000000000E+05    2.476350000000E-04
2       1.661000000000E+04    1.920260000000E-03
3       3.781000000000E+03    9.961920000000E-03
4       1.071000000000E+03    4.029750000000E-02
5       3.498000000000E+02    1.286040000000E-01
6       1.263000000000E+02    3.034800000000E-01
7       4.926000000000E+01    4.214320000000E-01
8       2.016000000000E+01    2.307810000000E-01
9       5.720000000000E+00    1.789710000000E-02
10      2.182000000000E+00   -2.975160000000E-03
11      4.327000000000E-01    8.495220000000E-04
12      1.570000000000E-01   -3.679360000000E-04
S   12
1       1.108000000000E+05   -6.870390000000E-05
2       1.661000000000E+04   -5.276810000000E-04
3       3.781000000000E+03   -2.796710000000E-03
4       1.071000000000E+03   -1.126510000000E-02
5       3.498000000000E+02   -3.888340000000E-02
6       1.263000000000E+02   -9.950250000000E-02
7       4.926000000000E+01   -1.997400000000E-01
8       2.016000000000E+01   -1.233600000000E-01
9       5.720000000000E+00    5.131940000000E-01
10      2.182000000000E+00    6.071200000000E-01
11      4.327000000000E-01    3.967530000000E-02
12      1.570000000000E-01   -9.468640000000E-03
S   12
1       1.108000000000E+05    1.990770000000E-05
2       1.661000000000E+04    1.534830000000E-04
3       3.781000000000E+03    8.095030000000E-04
4       1.071000000000E+03    3.289740000000E-03
5       3.498000000000E+02    1.129670000000E-02
6       1.263000000000E+02    2.963850000000E-02
7       4.926000000000E+01    5.998510000000E-02
8       2.016000000000E+01    4.132480000000E-02
9       5.720000000000E+00   -2.074740000000E-01
10      2.182000000000E+00   -3.928890000000E-01
11      4.327000000000E-01    6.328400000000E-01
12      1.570000000000E-01    5.569240000000E-01
S   1
1       1.570000000000E-01    1.000000000000E+00
S   1
1       5.070000000000E-02    1.000000000000E+00
P   8
1       3.997000000000E+02    4.475410000000E-03
2       9.419000000000E+01    3.417080000000E-02
3       2.975000000000E+01    1.442500000000E-01
4       1.077000000000E+01    3.539280000000E-01
5       4.119000000000E+00    4.590850000000E-01
6       1.625000000000E+00    2.063830000000E-01
7       4.726000000000E-01    1.021410000000E-02
8       1.407000000000E-01   -6.031220000000E-05
P   8
1       3.997000000000E+02   -1.162510000000E-03
2       9.419000000000E+01   -8.656640000000E-03
3       2.975000000000E+01   -3.908860000000E-02
4       1.077000000000E+01   -9.346250000000E-02
5       4.119000000000E+00   -1.479940000000E-01
6       1.625000000000E+00    3.019040000000E-02
7       4.726000000000E-01    5.615730000000E-01
8       1.407000000000E-01    5.347760000000E-01
P   1
1       1.407000000000E-01    1.000000000000E+00
P   1
1       3.990000000000E-02    1.000000000000E+00
D   1
1       4.790000000000E-01    1.000000000000E+00
D   1
1       1.520000000000E-01    1.000000000000E+00

HYDROGEN
S   4
1       1.301000000000E+01    1.968500000000E-02
2       1.962000000000E+00    1.379770000000E-01
3       4.446000000000E-01    4.781480000000E-01
4       1.220000000000E-01    5.012400000000E-01
S   1
1       1.220000000000E-01    1.000000000000E+00
S   1
1       2.974000000000E-02    1.000000000000E+00
P   1
1       7.270000000000E-01    1.000000000000E+00
P   1
1       1.410000000000E-01    1.000000000000E+00

$END
