----- Orbital basis set information -----
Your calculation utilizes the basis: cc-pV6Z 
  Obtained from the ccRepo (grant-hill.group.shef.ac.uk/ccrepo) Feb. 2017
      H : K. A. Peterson, D. E. Woon, T. H. Dunning, Jr., unpublished
     He : T. van Mourik, A. K. Wilson, T. H. Dunning, Jr., Mol. Phys. 99, 529 (1999)
     Be : B. Prascher, D. E. Woon, K. A. Peterson, T. H. Dunning, Jr., A. K. Wilson, Theor. Chem. Acc. 128, 69 (2011)
   B-Ne : A. K. Wilson, T. van Mourik, T. H. Dunning, Jr., J. Mol. Struct. (THEOCHEM) 388, 339 (1996)
  Al-Ar : T. van Mourik, T. H. Dunning, Jr., Int. J. Quantum Chem. 76, 205 (2000)

! -------------------------
!  BASIS SET IN INPUT FORMAT
! -------------------------

$DATA

HYDROGEN
 S 5 
   1   1776.77600000000     0.00004400000
   2    254.01770000000     0.00037200000
   3     54.69804000000     0.00209400000
   4     15.01834000000     0.00886300000
   5      4.91507800000     0.03054000000
 S 1 
   1      1.79492400000     1.00000000000
 S 1 
   1      0.71071600000     1.00000000000
 S 1 
   1      0.30480200000     1.00000000000
 S 1 
   1      0.13804600000     1.00000000000
 S 1 
   1      0.06215700000     1.00000000000
 P 1 
   1      8.64900000000     1.00000000000
 P 1 
   1      3.43000000000     1.00000000000
 P 1 
   1      1.36000000000     1.00000000000
 P 1 
   1      0.53900000000     1.00000000000
 P 1 
   1      0.21400000000     1.00000000000
 D 1 
   1      4.45300000000     1.00000000000
 D 1 
   1      1.95800000000     1.00000000000
 D 1 
   1      0.86100000000     1.00000000000
 D 1 
   1      0.37800000000     1.00000000000
 F 1 
   1      4.10000000000     1.00000000000
 F 1 
   1      1.78000000000     1.00000000000
 F 1 
   1      0.77300000000     1.00000000000
 G 1 
   1      3.19900000000     1.00000000000
 G 1 
   1      1.32600000000     1.00000000000
 H 1 
   1      2.65300000000     1.00000000000

HELIUM
 S 5 
   1   4785.00000000000     0.00000060000
   2    717.00000000000     0.00000470000
   3    163.20000000000     0.00002440000
   4     46.26000000000     0.00010120000
   5     15.10000000000     0.00034860000
 S 1 
   1      5.43700000000     1.00000000000
 S 1 
   1      2.08800000000     1.00000000000
 S 1 
   1      0.82970000000     1.00000000000
 S 1 
   1      0.33660000000     1.00000000000
 S 1 
   1      0.13690000000     1.00000000000
 P 1 
   1      0.38700000000     1.00000000000
 P 1 
   1      0.98400000000     1.00000000000
 P 1 
   1      2.49800000000     1.00000000000
 P 1 
   1      6.34200000000     1.00000000000
 P 1 
   1     16.10400000000     1.00000000000
 D 1 
   1      0.74700000000     1.00000000000
 D 1 
   1      1.91000000000     1.00000000000
 D 1 
   1      4.88600000000     1.00000000000
 D 1 
   1     12.49800000000     1.00000000000
 F 1 
   1      1.29200000000     1.00000000000
 F 1 
   1      3.46200000000     1.00000000000
 F 1 
   1      9.27600000000     1.00000000000
 G 1 
   1      2.23600000000     1.00000000000
 G 1 
   1      6.58600000000     1.00000000000
 H 1 
   1      4.15900000000     1.00000000000

BERYLLIUM
 S 11 
   1  126512.30000000000     0.00000600000
   2  18942.50000000000     0.00004800000
   3   4310.41000000000     0.00025300000
   4   1220.80000000000     0.00106900000
   5    398.24000000000     0.00387700000
   6    143.75500000000     0.01245900000
   7     56.05460000000     0.03571400000
   8     23.21620000000     0.08957500000
   9     10.06370000000     0.18812500000
  10      4.50650000000     0.30929400000
  11      2.06881000000     0.33856900000
 S 11 
   1  126512.30000000000    -0.00000100000
   2  18942.50000000000    -0.00000900000
   3   4310.41000000000    -0.00004600000
   4   1220.80000000000    -0.00019500000
   5    398.24000000000    -0.00070900000
   6    143.75500000000    -0.00228600000
   7     56.05460000000    -0.00665500000
   8     23.21620000000    -0.01708300000
   9     10.06370000000    -0.03811400000
  10      4.50650000000    -0.07022600000
  11      2.06881000000    -0.10876900000
 S 1 
   1      0.95398600000     1.00000000000
 S 1 
   1      0.34588300000     1.00000000000
 S 1 
   1      0.16745700000     1.00000000000
 S 1 
   1      0.07587000000     1.00000000000
 S 1 
   1      0.03443800000     1.00000000000
 P 4 
   1     74.08560000000     0.00025800000
   2     17.56670000000     0.00208900000
   3      5.61489000000     0.00969900000
   4      2.03369000000     0.03218600000
 P 1 
   1      0.79186200000     1.00000000000
 P 1 
   1      0.33348000000     1.00000000000
 P 1 
   1      0.14857700000     1.00000000000
 P 1 
   1      0.06778800000     1.00000000000
 P 1 
   1      0.03060300000     1.00000000000
 D 1 
   1      2.08550000000     1.00000000000
 D 1 
   1      1.04490000000     1.00000000000
 D 1 
   1      0.52350000000     1.00000000000
 D 1 
   1      0.26230000000     1.00000000000
 D 1 
   1      0.13140000000     1.00000000000
 F 1 
   1      1.67510000000     1.00000000000
 F 1 
   1      0.82420000000     1.00000000000
 F 1 
   1      0.40550000000     1.00000000000
 F 1 
   1      0.19950000000     1.00000000000
 G 1 
   1      0.77840000000     1.00000000000
 G 1 
   1      0.44960000000     1.00000000000
 G 1 
   1      0.25970000000     1.00000000000
 H 1 
   1      0.72820000000     1.00000000000
 H 1 
   1      0.34640000000     1.00000000000
 I 1 
   1      0.60070000000     1.00000000000

BORON
 S 11 
   1  210400.00000000000     0.00000583000
   2  31500.00000000000     0.00004532000
   3   7169.00000000000     0.00023838000
   4   2030.00000000000     0.00100570000
   5    662.50000000000     0.00364496000
   6    239.20000000000     0.01173628000
   7     93.26000000000     0.03380702000
   8     38.64000000000     0.08556593000
   9     16.78000000000     0.18260320000
  10      7.54100000000     0.30583760000
  11      3.48200000000     0.34080350000
 S 11 
   1  210400.00000000000    -0.00000118000
   2  31500.00000000000    -0.00000915000
   3   7169.00000000000    -0.00004819000
   4   2030.00000000000    -0.00020306000
   5    662.50000000000    -0.00073917000
   6    239.20000000000    -0.00238603000
   7     93.26000000000    -0.00698654000
   8     38.64000000000    -0.01811594000
   9     16.78000000000    -0.04123129000
  10      7.54100000000    -0.07781353000
  11      3.48200000000    -0.12123180000
 S 1 
   1      1.61800000000     1.00000000000
 S 1 
   1      0.62700000000     1.00000000000
 S 1 
   1      0.29340000000     1.00000000000
 S 1 
   1      0.13100000000     1.00000000000
 S 1 
   1      0.05815000000     1.00000000000
 P 5 
   1    192.50000000000     0.00013490000
   2     45.64000000000     0.00114741000
   3     14.75000000000     0.00584793000
   4      5.50300000000     0.02117091000
   5      2.22200000000     0.06266872000
 P 1 
   1      0.95900000000     1.00000000000
 P 1 
   1      0.43140000000     1.00000000000
 P 1 
   1      0.19690000000     1.00000000000
 P 1 
   1      0.09033000000     1.00000000000
 P 1 
   1      0.04066000000     1.00000000000
 D 1 
   1      2.88600000000     1.00000000000
 D 1 
   1      1.26700000000     1.00000000000
 D 1 
   1      0.55600000000     1.00000000000
 D 1 
   1      0.24400000000     1.00000000000
 D 1 
   1      0.10700000000     1.00000000000
 F 1 
   1      1.65100000000     1.00000000000
 F 1 
   1      0.80020000000     1.00000000000
 F 1 
   1      0.38780000000     1.00000000000
 F 1 
   1      0.18800000000     1.00000000000
 G 1 
   1      1.64690000000     1.00000000000
 G 1 
   1      0.78890000000     1.00000000000
 G 1 
   1      0.37790000000     1.00000000000
 H 1 
   1      1.31200000000     1.00000000000
 H 1 
   1      0.58060000000     1.00000000000
 I 1 
   1      0.98470000000     1.00000000000

CARBON
 S 11 
   1  312100.00000000000     0.00000567000
   2  46740.00000000000     0.00004410000
   3  10640.00000000000     0.00023190000
   4   3013.00000000000     0.00097897000
   5    982.80000000000     0.00355163000
   6    354.80000000000     0.01144061000
   7    138.40000000000     0.03299855000
   8     57.35000000000     0.08405347000
   9     24.92000000000     0.18067610000
  10     11.23000000000     0.30491140000
  11      5.20100000000     0.34141570000
 S 11 
   1  312100.00000000000    -0.00000121000
   2  46740.00000000000    -0.00000939000
   3  10640.00000000000    -0.00004947000
   4   3013.00000000000    -0.00020857000
   5    982.80000000000    -0.00076015000
   6    354.80000000000    -0.00245469000
   7    138.40000000000    -0.00720153000
   8     57.35000000000    -0.01880742000
   9     24.92000000000    -0.04325001000
  10     11.23000000000    -0.08259733000
  11      5.20100000000    -0.12857590000
 S 1 
   1      2.42600000000     1.00000000000
 S 1 
   1      0.96730000000     1.00000000000
 S 1 
   1      0.44560000000     1.00000000000
 S 1 
   1      0.19710000000     1.00000000000
 S 1 
   1      0.08635000000     1.00000000000
 P 5 
   1    295.20000000000     0.00014249000
   2     69.98000000000     0.00122010000
   3     22.64000000000     0.00633696000
   4      8.48500000000     0.02351875000
   5      3.45900000000     0.06990447000
 P 1 
   1      1.50400000000     1.00000000000
 P 1 
   1      0.67830000000     1.00000000000
 P 1 
   1      0.30870000000     1.00000000000
 P 1 
   1      0.14000000000     1.00000000000
 P 1 
   1      0.06178000000     1.00000000000
 D 1 
   1      4.54200000000     1.00000000000
 D 1 
   1      1.97900000000     1.00000000000
 D 1 
   1      0.86210000000     1.00000000000
 D 1 
   1      0.37560000000     1.00000000000
 D 1 
   1      0.16360000000     1.00000000000
 F 1 
   1      2.63100000000     1.00000000000
 F 1 
   1      1.25500000000     1.00000000000
 F 1 
   1      0.59880000000     1.00000000000
 F 1 
   1      0.28570000000     1.00000000000
 G 1 
   1      2.65200000000     1.00000000000
 G 1 
   1      1.20400000000     1.00000000000
 G 1 
   1      0.54700000000     1.00000000000
 H 1 
   1      2.03000000000     1.00000000000
 H 1 
   1      0.85110000000     1.00000000000
 I 1 
   1      1.49100000000     1.00000000000

NITROGEN
 S 11 
   1  432300.00000000000     0.00000559000
   2  64700.00000000000     0.00004351000
   3  14720.00000000000     0.00022893000
   4   4170.00000000000     0.00096502000
   5   1361.00000000000     0.00350219000
   6    491.20000000000     0.01129212000
   7    191.60000000000     0.03261283000
   8     79.41000000000     0.08329727000
   9     34.53000000000     0.17998570000
  10     15.58000000000     0.30500350000
  11      7.23200000000     0.34115930000
 S 11 
   1  432300.00000000000    -0.00000123000
   2  64700.00000000000    -0.00000958000
   3  14720.00000000000    -0.00005051000
   4   4170.00000000000    -0.00021264000
   5   1361.00000000000    -0.00077534000
   6    491.20000000000    -0.00250624000
   7    191.60000000000    -0.00736529000
   8     79.41000000000    -0.01930167000
   9     34.53000000000    -0.04471738000
  10     15.58000000000    -0.08606647000
  11      7.23200000000    -0.13329630000
 S 1 
   1      3.38200000000     1.00000000000
 S 1 
   1      1.36900000000     1.00000000000
 S 1 
   1      0.62480000000     1.00000000000
 S 1 
   1      0.27470000000     1.00000000000
 S 1 
   1      0.11920000000     1.00000000000
 P 5 
   1    415.90000000000     0.00014841000
   2     98.61000000000     0.00127634000
   3     31.92000000000     0.00670242000
   4     12.00000000000     0.02526170000
   5      4.91900000000     0.07518943000
 P 1 
   1      2.14800000000     1.00000000000
 P 1 
   1      0.96960000000     1.00000000000
 P 1 
   1      0.43990000000     1.00000000000
 P 1 
   1      0.19780000000     1.00000000000
 P 1 
   1      0.08603000000     1.00000000000
 D 1 
   1      6.71700000000     1.00000000000
 D 1 
   1      2.89600000000     1.00000000000
 D 1 
   1      1.24900000000     1.00000000000
 D 1 
   1      0.53800000000     1.00000000000
 D 1 
   1      0.23200000000     1.00000000000
 F 1 
   1      3.82900000000     1.00000000000
 F 1 
   1      1.79500000000     1.00000000000
 F 1 
   1      0.84100000000     1.00000000000
 F 1 
   1      0.39400000000     1.00000000000
 G 1 
   1      3.85600000000     1.00000000000
 G 1 
   1      1.70200000000     1.00000000000
 G 1 
   1      0.75100000000     1.00000000000
 H 1 
   1      2.87500000000     1.00000000000
 H 1 
   1      1.17000000000     1.00000000000
 I 1 
   1      2.09900000000     1.00000000000

OXYGEN
 S 11 
   1  570800.00000000000     0.00000555000
   2  85480.00000000000     0.00004311000
   3  19460.00000000000     0.00022667000
   4   5512.00000000000     0.00095637000
   5   1798.00000000000     0.00347320000
   6    648.90000000000     0.01119778000
   7    253.10000000000     0.03238766000
   8    104.90000000000     0.08285977000
   9     45.65000000000     0.17958380000
  10     20.62000000000     0.30522110000
  11      9.58700000000     0.34089350000
 S 11 
   1  570800.00000000000    -0.00000126000
   2  85480.00000000000    -0.00000977000
   3  19460.00000000000    -0.00005148000
   4   5512.00000000000    -0.00021696000
   5   1798.00000000000    -0.00079162000
   6    648.90000000000    -0.00255900000
   7    253.10000000000    -0.00753313000
   8    104.90000000000    -0.01978897000
   9     45.65000000000    -0.04606288000
  10     20.62000000000    -0.08919560000
  11      9.58700000000    -0.13754220000
 S 1 
   1      4.49300000000     1.00000000000
 S 1 
   1      1.83700000000     1.00000000000
 S 1 
   1      0.83490000000     1.00000000000
 S 1 
   1      0.36580000000     1.00000000000
 S 1 
   1      0.15700000000     1.00000000000
 P 5 
   1    525.60000000000     0.00016664000
   2    124.60000000000     0.00143336000
   3     40.34000000000     0.00754762000
   4     15.18000000000     0.02859456000
   5      6.24500000000     0.08438858000
 P 1 
   1      2.73200000000     1.00000000000
 P 1 
   1      1.22700000000     1.00000000000
 P 1 
   1      0.54920000000     1.00000000000
 P 1 
   1      0.24180000000     1.00000000000
 P 1 
   1      0.10250000000     1.00000000000
 D 1 
   1      8.25300000000     1.00000000000
 D 1 
   1      3.59700000000     1.00000000000
 D 1 
   1      1.56800000000     1.00000000000
 D 1 
   1      0.68400000000     1.00000000000
 D 1 
   1      0.29800000000     1.00000000000
 F 1 
   1      5.43000000000     1.00000000000
 F 1 
   1      2.41600000000     1.00000000000
 F 1 
   1      1.07500000000     1.00000000000
 F 1 
   1      0.47800000000     1.00000000000
 G 1 
   1      5.21100000000     1.00000000000
 G 1 
   1      2.19000000000     1.00000000000
 G 1 
   1      0.92000000000     1.00000000000
 H 1 
   1      3.87200000000     1.00000000000
 H 1 
   1      1.50500000000     1.00000000000
 I 1 
   1      2.77300000000     1.00000000000

FLUORINE
 S 11 
   1  723500.00000000000     0.00000556000
   2  108400.00000000000     0.00004318000
   3  24680.00000000000     0.00022700000
   4   6990.00000000000     0.00095803000
   5   2282.00000000000     0.00347015000
   6    824.60000000000     0.01118526000
   7    321.80000000000     0.03232880000
   8    133.50000000000     0.08279545000
   9     58.11000000000     0.17988020000
  10     26.28000000000     0.30557830000
  11     12.24000000000     0.34026840000
 S 11 
   1  723500.00000000000    -0.00000129000
   2  108400.00000000000    -0.00000999000
   3  24680.00000000000    -0.00005260000
   4   6990.00000000000    -0.00022172000
   5   2282.00000000000    -0.00080692000
   6    824.60000000000    -0.00260817000
   7    321.80000000000    -0.00767402000
   8    133.50000000000    -0.02019353000
   9     58.11000000000    -0.04718752000
  10     26.28000000000    -0.09158009000
  11     12.24000000000    -0.14048560000
 S 1 
   1      5.74700000000     1.00000000000
 S 1 
   1      2.36500000000     1.00000000000
 S 1 
   1      1.07100000000     1.00000000000
 S 1 
   1      0.46810000000     1.00000000000
 S 1 
   1      0.19940000000     1.00000000000
 P 5 
   1    660.00000000000     0.00017721000
   2    156.40000000000     0.00152691000
   3     50.64000000000     0.00807207000
   4     19.08000000000     0.03074021000
   5      7.87200000000     0.09011914000
 P 1 
   1      3.44900000000     1.00000000000
 P 1 
   1      1.54500000000     1.00000000000
 P 1 
   1      0.68640000000     1.00000000000
 P 1 
   1      0.29860000000     1.00000000000
 P 1 
   1      0.12450000000     1.00000000000
 D 1 
   1     10.57300000000     1.00000000000
 D 1 
   1      4.61300000000     1.00000000000
 D 1 
   1      2.01300000000     1.00000000000
 D 1 
   1      0.87800000000     1.00000000000
 D 1 
   1      0.38300000000     1.00000000000
 F 1 
   1      7.56300000000     1.00000000000
 F 1 
   1      3.33000000000     1.00000000000
 F 1 
   1      1.46600000000     1.00000000000
 F 1 
   1      0.64500000000     1.00000000000
 G 1 
   1      6.73500000000     1.00000000000
 G 1 
   1      2.78300000000     1.00000000000
 G 1 
   1      1.15000000000     1.00000000000
 H 1 
   1      5.08800000000     1.00000000000
 H 1 
   1      1.93700000000     1.00000000000
 I 1 
   1      3.58100000000     1.00000000000

NEON
 S 11 
   1  902400.00000000000     0.00000551000
   2  135100.00000000000     0.00004282000
   3  30750.00000000000     0.00022514000
   4   8710.00000000000     0.00095016000
   5   2842.00000000000     0.00344719000
   6   1026.00000000000     0.01112545000
   7    400.10000000000     0.03220568000
   8    165.90000000000     0.08259891000
   9     72.21000000000     0.17990560000
  10     32.66000000000     0.30605210000
  11     15.22000000000     0.34012560000
 S 11 
   1  902400.00000000000    -0.00000129000
   2  135100.00000000000    -0.00001005000
   3  30750.00000000000    -0.00005293000
   4   8710.00000000000    -0.00022312000
   5   2842.00000000000    -0.00081338000
   6   1026.00000000000    -0.00263230000
   7    400.10000000000    -0.00775910000
   8    165.90000000000    -0.02045277000
   9     72.21000000000    -0.04797505000
  10     32.66000000000    -0.09340086000
  11     15.22000000000    -0.14277210000
 S 1 
   1      7.14900000000     1.00000000000
 S 1 
   1      2.95700000000     1.00000000000
 S 1 
   1      1.33500000000     1.00000000000
 S 1 
   1      0.58160000000     1.00000000000
 S 1 
   1      0.24630000000     1.00000000000
 P 5 
   1    815.60000000000     0.00018376000
   2    193.30000000000     0.00158509000
   3     62.60000000000     0.00841464000
   4     23.61000000000     0.03220033000
   5      9.76200000000     0.09396390000
 P 1 
   1      4.28100000000     1.00000000000
 P 1 
   1      1.91500000000     1.00000000000
 P 1 
   1      0.84760000000     1.00000000000
 P 1 
   1      0.36600000000     1.00000000000
 P 1 
   1      0.15100000000     1.00000000000
 D 1 
   1     13.31700000000     1.00000000000
 D 1 
   1      5.80300000000     1.00000000000
 D 1 
   1      2.52900000000     1.00000000000
 D 1 
   1      1.10200000000     1.00000000000
 D 1 
   1      0.48000000000     1.00000000000
 F 1 
   1     10.35600000000     1.00000000000
 F 1 
   1      4.53800000000     1.00000000000
 F 1 
   1      1.98900000000     1.00000000000
 F 1 
   1      0.87100000000     1.00000000000
 G 1 
   1      8.34500000000     1.00000000000
 G 1 
   1      3.41700000000     1.00000000000
 G 1 
   1      1.39900000000     1.00000000000
 H 1 
   1      6.51900000000     1.00000000000
 H 1 
   1      2.44700000000     1.00000000000
 I 1 
   1      4.48900000000     1.00000000000

ALUMINUM
 S 16 
   1  3652000.00000000000     0.00000190000
   2  546800.00000000000     0.00001450000
   3  124500.00000000000     0.00007620000
   4  35440.00000000000     0.00031580000
   5  11840.00000000000     0.00109740000
   6   4434.00000000000     0.00336970000
   7   1812.00000000000     0.00932220000
   8    791.50000000000     0.02379920000
   9    361.00000000000     0.05681910000
  10    169.50000000000     0.12246800000
  11     81.68000000000     0.22389700000
  12     40.28000000000     0.31344600000
  13     20.25000000000     0.27497500000
  14     10.23000000000     0.11056400000
  15      4.80200000000     0.01192150000
  16      2.33900000000     0.00065280000
 S 16 
   1  3652000.00000000000    -0.00000050000
   2  546800.00000000000    -0.00000380000
   3  124500.00000000000    -0.00001980000
   4  35440.00000000000    -0.00008210000
   5  11840.00000000000    -0.00028580000
   6   4434.00000000000    -0.00087850000
   7   1812.00000000000    -0.00244820000
   8    791.50000000000    -0.00631000000
   9    361.00000000000    -0.01548540000
  10    169.50000000000    -0.03495890000
  11     81.68000000000    -0.07077290000
  12     40.28000000000    -0.11942300000
  13     20.25000000000    -0.14884200000
  14     10.23000000000    -0.05904650000
  15      4.80200000000     0.21669300000
  16      2.33900000000     0.47655700000
 S 16 
   1  3652000.00000000000     0.00000010000
   2  546800.00000000000     0.00000090000
   3  124500.00000000000     0.00000460000
   4  35440.00000000000     0.00001900000
   5  11840.00000000000     0.00006590000
   6   4434.00000000000     0.00020310000
   7   1812.00000000000     0.00056470000
   8    791.50000000000     0.00146200000
   9    361.00000000000     0.00357940000
  10    169.50000000000     0.00815160000
  11     81.68000000000     0.01652760000
  12     40.28000000000     0.02854670000
  13     20.25000000000     0.03614840000
  14     10.23000000000     0.01538040000
  15      4.80200000000    -0.06121410000
  16      2.33900000000    -0.15126300000
 S 1 
   1      1.16300000000     1.00000000000
 S 1 
   1      0.58820000000     1.00000000000
 S 1 
   1      0.23110000000     1.00000000000
 S 1 
   1      0.10270000000     1.00000000000
 S 1 
   1      0.04521000000     1.00000000000
 P 9 
   1   2884.00000000000     0.00006380000
   2    683.20000000000     0.00056310000
   3    222.00000000000     0.00316910000
   4     84.82000000000     0.01324010000
   5     35.81000000000     0.04334030000
   6     16.22000000000     0.11195000000
   7      7.70200000000     0.21779600000
   8      3.74100000000     0.31167500000
   9      1.83100000000     0.31672200000
 P 9 
   1   2884.00000000000    -0.00000800000
   2    683.20000000000    -0.00006510000
   3    222.00000000000    -0.00039990000
   4     84.82000000000    -0.00153690000
   5     35.81000000000    -0.00556440000
   6     16.22000000000    -0.01311060000
   7      7.70200000000    -0.02972000000
   8      3.74100000000    -0.03471950000
   9      1.83100000000    -0.05516210000
 P 1 
   1      0.88780000000     1.00000000000
 P 1 
   1      0.39890000000     1.00000000000
 P 1 
   1      0.17180000000     1.00000000000
 P 1 
   1      0.07298000000     1.00000000000
 P 1 
   1      0.03069000000     1.00000000000
 D 1 
   1      2.21430000000     1.00000000000
 D 1 
   1      0.94490000000     1.00000000000
 D 1 
   1      0.40320000000     1.00000000000
 D 1 
   1      0.17210000000     1.00000000000
 D 1 
   1      0.07343000000     1.00000000000
 F 1 
   1      0.87560000000     1.00000000000
 F 1 
   1      0.44720000000     1.00000000000
 F 1 
   1      0.22840000000     1.00000000000
 F 1 
   1      0.11670000000     1.00000000000
 G 1 
   1      0.69520000000     1.00000000000
 G 1 
   1      0.37710000000     1.00000000000
 G 1 
   1      0.20460000000     1.00000000000
 H 1 
   1      0.65600000000     1.00000000000
 H 1 
   1      0.33000000000     1.00000000000
 I 1 
   1      0.53020000000     1.00000000000

SILICON
 S 16 
   1  4465000.00000000000     0.00000170000
   2  668500.00000000000     0.00001360000
   3  152200.00000000000     0.00007140000
   4  43300.00000000000     0.00029730000
   5  14410.00000000000     0.00103830000
   6   5394.00000000000     0.00317470000
   7   2212.00000000000     0.00873240000
   8    968.10000000000     0.02238300000
   9    441.20000000000     0.05372730000
  10    207.10000000000     0.11664900000
  11     99.80000000000     0.21597800000
  12     49.24000000000     0.30956600000
  13     24.74000000000     0.28394500000
  14     12.47000000000     0.12223200000
  15      5.79500000000     0.01419520000
  16      2.83000000000     0.00031210000
 S 16 
   1  4465000.00000000000    -0.00000050000
   2  668500.00000000000    -0.00000360000
   3  152200.00000000000    -0.00001900000
   4  43300.00000000000    -0.00007910000
   5  14410.00000000000    -0.00027690000
   6   5394.00000000000    -0.00084720000
   7   2212.00000000000    -0.00234780000
   8    968.10000000000    -0.00607050000
   9    441.20000000000    -0.01497110000
  10    207.10000000000    -0.03397290000
  11     99.80000000000    -0.06945840000
  12     49.24000000000    -0.11900100000
  13     24.74000000000    -0.15364500000
  14     12.47000000000    -0.07046840000
  15      5.79500000000     0.21314900000
  16      2.83000000000     0.49159600000
 S 16 
   1  4465000.00000000000     0.00000010000
   2  668500.00000000000     0.00000090000
   3  152200.00000000000     0.00000490000
   4  43300.00000000000     0.00002030000
   5  14410.00000000000     0.00007090000
   6   5394.00000000000     0.00021720000
   7   2212.00000000000     0.00060130000
   8    968.10000000000     0.00155910000
   9    441.20000000000     0.00384430000
  10    207.10000000000     0.00877970000
  11     99.80000000000     0.01803880000
  12     49.24000000000     0.03152240000
  13     24.74000000000     0.04169050000
  14     12.47000000000     0.02009730000
  15      5.79500000000    -0.06674840000
  16      2.83000000000    -0.18190600000
 S 1 
   1      1.40700000000     1.00000000000
 S 1 
   1      0.69950000000     1.00000000000
 S 1 
   1      0.30830000000     1.00000000000
 S 1 
   1      0.13850000000     1.00000000000
 S 1 
   1      0.06145000000     1.00000000000
 P 9 
   1   3572.00000000000     0.00005990000
   2    846.00000000000     0.00052960000
   3    274.80000000000     0.00299580000
   4    105.00000000000     0.01263350000
   5     44.35000000000     0.04190440000
   6     20.08000000000     0.11025900000
   7      9.53000000000     0.21883100000
   8      4.63400000000     0.31782800000
   9      2.28000000000     0.31942500000
 P 9 
   1   3572.00000000000    -0.00001280000
   2    846.00000000000    -0.00011260000
   3    274.80000000000    -0.00064020000
   4    105.00000000000    -0.00270290000
   5     44.35000000000    -0.00907890000
   6     20.08000000000    -0.02423480000
   7      9.53000000000    -0.04934600000
   8      4.63400000000    -0.07258590000
   9      2.28000000000    -0.08042580000
 P 1 
   1      1.11600000000     1.00000000000
 P 1 
   1      0.49910000000     1.00000000000
 P 1 
   1      0.22540000000     1.00000000000
 P 1 
   1      0.10010000000     1.00000000000
 P 1 
   1      0.04332000000     1.00000000000
 D 1 
   1      3.23860000000     1.00000000000
 D 1 
   1      1.37670000000     1.00000000000
 D 1 
   1      0.58530000000     1.00000000000
 D 1 
   1      0.24880000000     1.00000000000
 D 1 
   1      0.10580000000     1.00000000000
 F 1 
   1      1.35100000000     1.00000000000
 F 1 
   1      0.66000000000     1.00000000000
 F 1 
   1      0.32250000000     1.00000000000
 F 1 
   1      0.15750000000     1.00000000000
 G 1 
   1      0.85280000000     1.00000000000
 G 1 
   1      0.46310000000     1.00000000000
 G 1 
   1      0.25150000000     1.00000000000
 H 1 
   1      0.85570000000     1.00000000000
 H 1 
   1      0.42310000000     1.00000000000
 I 1 
   1      0.69460000000     1.00000000000

PHOSPHOROUS
 S 16 
   1  5384000.00000000000     0.00000160000
   2  806200.00000000000     0.00001280000
   3  183600.00000000000     0.00006720000
   4  52250.00000000000     0.00027970000
   5  17390.00000000000     0.00097670000
   6   6523.00000000000     0.00296840000
   7   2687.00000000000     0.00812400000
   8   1178.00000000000     0.02092000000
   9    536.20000000000     0.05055900000
  10    251.50000000000     0.11047900000
  11    121.30000000000     0.20695700000
  12     59.88000000000     0.30473700000
  13     30.05000000000     0.29295200000
  14     15.12000000000     0.13556100000
  15      7.01000000000     0.01732080000
  16      3.44100000000    -0.00003520000
 S 16 
   1  5384000.00000000000    -0.00000040000
   2  806200.00000000000    -0.00000350000
   3  183600.00000000000    -0.00001830000
   4  52250.00000000000    -0.00007590000
   5  17390.00000000000    -0.00026570000
   6   6523.00000000000    -0.00080800000
   7   2687.00000000000    -0.00222730000
   8   1178.00000000000    -0.00578330000
   9    536.20000000000    -0.01434380000
  10    251.50000000000    -0.03270610000
  11    121.30000000000    -0.06737160000
  12     59.88000000000    -0.11764700000
  13     30.05000000000    -0.15728000000
  14     15.12000000000    -0.08385440000
  15      7.01000000000     0.19971800000
  16      3.44100000000     0.49860500000
 S 16 
   1  5384000.00000000000     0.00000010000
   2  806200.00000000000     0.00000100000
   3  183600.00000000000     0.00000500000
   4  52250.00000000000     0.00002090000
   5  17390.00000000000     0.00007300000
   6   6523.00000000000     0.00022210000
   7   2687.00000000000     0.00061220000
   8   1178.00000000000     0.00159180000
   9    536.20000000000     0.00395340000
  10    251.50000000000     0.00905720000
  11    121.30000000000     0.01879090000
  12     59.88000000000     0.03338310000
  13     30.05000000000     0.04594840000
  14     15.12000000000     0.02552400000
  15      7.01000000000    -0.06694960000
  16      3.44100000000    -0.20364500000
 S 1 
   1      1.71200000000     1.00000000000
 S 1 
   1      0.83370000000     1.00000000000
 S 1 
   1      0.39120000000     1.00000000000
 S 1 
   1      0.17770000000     1.00000000000
 S 1 
   1      0.07939000000     1.00000000000
 P 9 
   1   4552.00000000000     0.00005200000
   2   1078.00000000000     0.00046040000
   3    350.10000000000     0.00262080000
   4    133.80000000000     0.01118730000
   5     56.52000000000     0.03782290000
   6     25.58000000000     0.10211600000
   7     12.14000000000     0.21031400000
   8      5.90200000000     0.31738300000
   9      2.91000000000     0.32716500000
 P 9 
   1   4552.00000000000    -0.00001240000
   2   1078.00000000000    -0.00010940000
   3    350.10000000000    -0.00062560000
   4    133.80000000000    -0.00267340000
   5     56.52000000000    -0.00915520000
   6     25.58000000000    -0.02509930000
   7     12.14000000000    -0.05318100000
   8      5.90200000000    -0.08158880000
   9      2.91000000000    -0.09197250000
 P 1 
   1      1.43500000000     1.00000000000
 P 1 
   1      0.65700000000     1.00000000000
 P 1 
   1      0.30050000000     1.00000000000
 P 1 
   1      0.13400000000     1.00000000000
 P 1 
   1      0.05783000000     1.00000000000
 D 1 
   1      4.30080000000     1.00000000000
 D 1 
   1      1.83460000000     1.00000000000
 D 1 
   1      0.78260000000     1.00000000000
 D 1 
   1      0.33390000000     1.00000000000
 D 1 
   1      0.14240000000     1.00000000000
 F 1 
   1      1.81600000000     1.00000000000
 F 1 
   1      0.88060000000     1.00000000000
 F 1 
   1      0.42700000000     1.00000000000
 F 1 
   1      0.20700000000     1.00000000000
 G 1 
   1      1.06160000000     1.00000000000
 G 1 
   1      0.57910000000     1.00000000000
 G 1 
   1      0.31590000000     1.00000000000
 H 1 
   1      1.08500000000     1.00000000000
 H 1 
   1      0.52770000000     1.00000000000
 I 1 
   1      0.88900000000     1.00000000000

SULFUR
 S 16 
   1  6297000.00000000000     0.00000160000
   2  943100.00000000000     0.00001240000
   3  214900.00000000000     0.00006490000
   4  61250.00000000000     0.00026930000
   5  20450.00000000000     0.00093470000
   6   7719.00000000000     0.00280830000
   7   3198.00000000000     0.00767400000
   8   1402.00000000000     0.01988980000
   9    637.20000000000     0.04825890000
  10    298.90000000000     0.10575700000
  11    144.30000000000     0.20022300000
  12     71.21000000000     0.30072800000
  13     35.73000000000     0.29868800000
  14     17.97000000000     0.14634700000
  15      8.34100000000     0.02011590000
  16      4.11200000000    -0.00024880000
 S 16 
   1  6297000.00000000000    -0.00000040000
   2  943100.00000000000    -0.00000340000
   3  214900.00000000000    -0.00001790000
   4  61250.00000000000    -0.00007440000
   5  20450.00000000000    -0.00025870000
   6   7719.00000000000    -0.00077770000
   7   3198.00000000000    -0.00213960000
   8   1402.00000000000    -0.00559060000
   9    637.20000000000    -0.01390760000
  10    298.90000000000    -0.03176890000
  11    144.30000000000    -0.06593020000
  12     71.21000000000    -0.11683200000
  13     35.73000000000    -0.15978700000
  14     17.97000000000    -0.09453220000
  15      8.34100000000     0.18782800000
  16      4.11200000000     0.50468300000
 S 16 
   1  6297000.00000000000     0.00000010000
   2  943100.00000000000     0.00000100000
   3  214900.00000000000     0.00000520000
   4  61250.00000000000     0.00002160000
   5  20450.00000000000     0.00007510000
   6   7719.00000000000     0.00022580000
   7   3198.00000000000     0.00062170000
   8   1402.00000000000     0.00162510000
   9    637.20000000000     0.00405350000
  10    298.90000000000     0.00929020000
  11    144.30000000000     0.01945610000
  12     71.21000000000     0.03500400000
  13     35.73000000000     0.04948970000
  14     17.97000000000     0.03034430000
  15      8.34100000000    -0.06636610000
  16      4.11200000000    -0.22315400000
 S 1 
   1      2.04500000000     1.00000000000
 S 1 
   1      0.97700000000     1.00000000000
 S 1 
   1      0.47660000000     1.00000000000
 S 1 
   1      0.21850000000     1.00000000000
 S 1 
   1      0.09759000000     1.00000000000
 P 9 
   1   5266.00000000000     0.00005230000
   2   1247.00000000000     0.00046350000
   3    405.00000000000     0.00264100000
   4    154.80000000000     0.01131690000
   5     65.38000000000     0.03847040000
   6     29.59000000000     0.10433900000
   7     14.04000000000     0.21568400000
   8      6.82400000000     0.32526000000
   9      3.36900000000     0.32617800000
 P 9 
   1   5266.00000000000    -0.00001330000
   2   1247.00000000000    -0.00011790000
   3    405.00000000000    -0.00067590000
   4    154.80000000000    -0.00289730000
   5     65.38000000000    -0.00999800000
   6     29.59000000000    -0.02754160000
   7     14.04000000000    -0.05879430000
   8      6.82400000000    -0.09037610000
   9      3.36900000000    -0.09998910000
 P 1 
   1      1.66600000000     1.00000000000
 P 1 
   1      0.76810000000     1.00000000000
 P 1 
   1      0.35040000000     1.00000000000
 P 1 
   1      0.15560000000     1.00000000000
 P 1 
   1      0.06681000000     1.00000000000
 D 1 
   1      5.07550000000     1.00000000000
 D 1 
   1      2.18330000000     1.00000000000
 D 1 
   1      0.93920000000     1.00000000000
 D 1 
   1      0.40400000000     1.00000000000
 D 1 
   1      0.17380000000     1.00000000000
 F 1 
   1      2.21200000000     1.00000000000
 F 1 
   1      1.06300000000     1.00000000000
 F 1 
   1      0.51000000000     1.00000000000
 F 1 
   1      0.24500000000     1.00000000000
 G 1 
   1      1.34730000000     1.00000000000
 G 1 
   1      0.70090000000     1.00000000000
 G 1 
   1      0.36470000000     1.00000000000
 H 1 
   1      1.28610000000     1.00000000000
 H 1 
   1      0.61150000000     1.00000000000
 I 1 
   1      1.04090000000     1.00000000000

CHLORINE
 S 16 
   1  7733000.00000000000     0.00000143470
   2  1158000.00000000000     0.00001114860
   3  263700.00000000000     0.00005858650
   4  75010.00000000000     0.00024451800
   5  24890.00000000000     0.00085828700
   6   9318.00000000000     0.00261019000
   7   3840.00000000000     0.00713784000
   8   1684.00000000000     0.01845640000
   9    766.30000000000     0.04489440000
  10    359.50000000000     0.09938220000
  11    173.40000000000     0.19078200000
  12     85.61000000000     0.29356500000
  13     42.93000000000     0.30647700000
  14     21.55000000000     0.16220900000
  15     10.05000000000     0.02493830000
  16      4.97800000000    -0.00051314200
 S 16 
   1  7733000.00000000000    -0.00000040220
   2  1158000.00000000000    -0.00000312450
   3  263700.00000000000    -0.00001642900
   4  75010.00000000000    -0.00006854210
   5  24890.00000000000    -0.00024100100
   6   9318.00000000000    -0.00073353800
   7   3840.00000000000    -0.00201830000
   8   1684.00000000000    -0.00526107000
   9    766.30000000000    -0.01309860000
  10    359.50000000000    -0.03017940000
  11    173.40000000000    -0.06318880000
  12     85.61000000000    -0.11385900000
  13     42.93000000000    -0.16125100000
  14     21.55000000000    -0.10923400000
  15     10.05000000000     0.16299900000
  16      4.97800000000     0.50141300000
 S 16 
   1  7733000.00000000000     0.00000012170
   2  1158000.00000000000     0.00000094510
   3  263700.00000000000     0.00000497120
   4  75010.00000000000     0.00002073230
   5  24890.00000000000     0.00007294020
   6   9318.00000000000     0.00022189900
   7   3840.00000000000     0.00061135500
   8   1684.00000000000     0.00159337000
   9    766.30000000000     0.00398001000
  10    359.50000000000     0.00919375000
  11    173.40000000000     0.01943990000
  12     85.61000000000     0.03551870000
  13     42.93000000000     0.05206740000
  14     21.55000000000     0.03656440000
  15     10.05000000000    -0.05975000000
  16      4.97800000000    -0.23164100000
 S 1 
   1      2.47800000000     1.00000000000
 S 1 
   1      1.18000000000     1.00000000000
 S 1 
   1      0.58280000000     1.00000000000
 S 1 
   1      0.26680000000     1.00000000000
 S 1 
   1      0.11830000000     1.00000000000
 P 9 
   1   6091.00000000000     0.00005161940
   2   1442.00000000000     0.00045846800
   3    468.30000000000     0.00261509000
   4    179.00000000000     0.01125540000
   5     75.61000000000     0.03845770000
   6     34.22000000000     0.10508100000
   7     16.23000000000     0.21860300000
   8      7.89000000000     0.33087400000
   9      3.89800000000     0.32587900000
 P 9 
   1   6091.00000000000    -0.00001392590
   2   1442.00000000000    -0.00012332400
   3    468.30000000000    -0.00070755100
   4    179.00000000000    -0.00304939000
   5     75.61000000000    -0.01057520000
   6     34.22000000000    -0.02940940000
   7     16.23000000000    -0.06322960000
   8      7.89000000000    -0.09818700000
   9      3.89800000000    -0.10587000000
 P 1 
   1      1.93300000000     1.00000000000
 P 1 
   1      0.90570000000     1.00000000000
 P 1 
   1      0.41400000000     1.00000000000
 P 1 
   1      0.18360000000     1.00000000000
 P 1 
   1      0.07859000000     1.00000000000
 D 1 
   1      6.24280000000     1.00000000000
 D 1 
   1      2.69060000000     1.00000000000
 D 1 
   1      1.15960000000     1.00000000000
 D 1 
   1      0.49980000000     1.00000000000
 D 1 
   1      0.21540000000     1.00000000000
 F 1 
   1      2.53270000000     1.00000000000
 F 1 
   1      1.24060000000     1.00000000000
 F 1 
   1      0.60770000000     1.00000000000
 F 1 
   1      0.29770000000     1.00000000000
 G 1 
   1      1.53880000000     1.00000000000
 G 1 
   1      0.80500000000     1.00000000000
 G 1 
   1      0.42120000000     1.00000000000
 H 1 
   1      1.56130000000     1.00000000000
 H 1 
   1      0.73970000000     1.00000000000
 I 1 
   1      1.25720000000     1.00000000000

ARGON
 S 16 
   1  9149000.00000000000     0.00000130000
   2  1370000.00000000000     0.00001040000
   3  311900.00000000000     0.00005490000
   4  88650.00000000000     0.00022960000
   5  29330.00000000000     0.00081030000
   6  10930.00000000000     0.00248530000
   7   4480.00000000000     0.00683690000
   8   1962.00000000000     0.01761990000
   9    894.10000000000     0.04287520000
  10    419.60000000000     0.09548530000
  11    202.30000000000     0.18506400000
  12     99.84000000000     0.28904200000
  13     50.07000000000     0.31016600000
  14     25.14000000000     0.17218300000
  15     11.81000000000     0.02852270000
  16      5.88200000000    -0.00057570000
 S 16 
   1  9149000.00000000000    -0.00000040000
   2  1370000.00000000000    -0.00000300000
   3  311900.00000000000    -0.00001560000
   4  88650.00000000000    -0.00006520000
   5  29330.00000000000    -0.00023040000
   6  10930.00000000000    -0.00070750000
   7   4480.00000000000    -0.00195730000
   8   1962.00000000000    -0.00508560000
   9    894.10000000000    -0.01265280000
  10    419.60000000000    -0.02930650000
  11    202.30000000000    -0.06177120000
  12     99.84000000000    -0.11254100000
  13     50.07000000000    -0.16229300000
  14     25.14000000000    -0.11841200000
  15     11.81000000000     0.14614800000
  16      5.88200000000     0.49775200000
 S 16 
   1  9149000.00000000000     0.00000010000
   2  1370000.00000000000     0.00000090000
   3  311900.00000000000     0.00000490000
   4  88650.00000000000     0.00002040000
   5  29330.00000000000     0.00007200000
   6  10930.00000000000     0.00022100000
   7   4480.00000000000     0.00061250000
   8   1962.00000000000     0.00159080000
   9    894.10000000000     0.00397220000
  10    419.60000000000     0.00922040000
  11    202.30000000000     0.01963670000
  12     99.84000000000     0.03625700000
  13     50.07000000000     0.05417250000
  14     25.14000000000     0.04099960000
  15     11.81000000000    -0.05517440000
  16      5.88200000000    -0.23875400000
 S 1 
   1      2.93900000000     1.00000000000
 S 1 
   1      1.40500000000     1.00000000000
 S 1 
   1      0.69630000000     1.00000000000
 S 1 
   1      0.31880000000     1.00000000000
 S 1 
   1      0.14100000000     1.00000000000
 P 9 
   1   7050.00000000000     0.00005020000
   2   1669.00000000000     0.00044540000
   3    542.10000000000     0.00254800000
   4    207.10000000000     0.01101550000
   5     87.52000000000     0.03784900000
   6     39.61000000000     0.10435500000
   7     18.78000000000     0.21933500000
   8      9.13000000000     0.33461500000
   9      4.51600000000     0.32677100000
 P 9 
   1   7050.00000000000    -0.00001400000
   2   1669.00000000000    -0.00012430000
   3    542.10000000000    -0.00071470000
   4    207.10000000000    -0.00309680000
   5     87.52000000000    -0.01079610000
   6     39.61000000000    -0.03035360000
   7     18.78000000000    -0.06597850000
   8      9.13000000000    -0.10387700000
   9      4.51600000000    -0.10995600000
 P 1 
   1      2.24500000000     1.00000000000
 P 1 
   1      1.06500000000     1.00000000000
 P 1 
   1      0.48850000000     1.00000000000
 P 1 
   1      0.21660000000     1.00000000000
 P 1 
   1      0.09255000000     1.00000000000
 D 1 
   1      7.63270000000     1.00000000000
 D 1 
   1      3.28760000000     1.00000000000
 D 1 
   1      1.41600000000     1.00000000000
 D 1 
   1      0.60990000000     1.00000000000
 D 1 
   1      0.26270000000     1.00000000000
 F 1 
   1      3.05820000000     1.00000000000
 F 1 
   1      1.52920000000     1.00000000000
 F 1 
   1      0.76470000000     1.00000000000
 F 1 
   1      0.38240000000     1.00000000000
 G 1 
   1      1.84500000000     1.00000000000
 G 1 
   1      0.96570000000     1.00000000000
 G 1 
   1      0.50550000000     1.00000000000
 H 1 
   1      1.87430000000     1.00000000000
 H 1 
   1      0.88710000000     1.00000000000
 I 1 
   1      1.50660000000     1.00000000000
$END



